28747537553653585
58009882669547054
50104680428138461
41023072247938735
1689082693558090
61339848119107665
15658749585717980
70139698547899335
61350576610968277
32087912517402772
4874340783423150
12947946597949304
26387241260942836
40855283312262828
71710494881086126
67133683944023376
32015941796692307
16114789602559313
10791254908787372
14062772062060791
31912573291461930
61359435138916849
58016804816168771
9524265333439150
46891619799681684
64771865043461457
28899838921188809
1877670865279663
58034129269947905
61317327346394220
25201719962338641
41083600233628789
67204048118677440
13837293688389512
30972846845394600
61359922642747529
57986013983670098
68093106994659729
1699449267437096
19804342294790984
14071204851333806
39971614433902434
5064642650767825
2178868635960400
41078118111903150
31155413760983256
43066323140411337
30980183995055974
34130678466143319
65517977680608942
22941910688396340
66586062876245550
23079025589962191
31942931160170667
40200249073359395
61345078303679159
