49981611554485592
36310934008721197
54973453359398379
1658196259519869
3599800666038407
63971796743984217
49105665821563568
21613253839862961
64007167963619192
34689768904966362
3397282339515197
1337933434207597
68457964970565496
5674570247056301
34115250448749714
70709603935575638
56837152621761713
36895214522693344
45335176889064284
301670505212748
34408036154919822
68466623839459058
68466623839688402
16044758355796828
37173194335743789
70394352801373106
52126670564151105
12567208773577480
19966258301679841
1667640088372289
14942883304926028
1627508958078021
57114753546499251
3432535234013964
58053562278108155
3626017114828045
66407422099625137
1340138899913069
33812049388355714
37454649446132654
25400814482915988
60514236403726003
46309008740219656
56420098177291445
26116962579917084
64103730505751922
1663243086244973
23864847084076077
32429168193806200
47595161310446482
66790533790135446
50443429236954866
19961847521262713
42081383753818381
22235912294403829
52232090136995589
