60125649856890285
25389331449450929
46671803381862136
51681403979184026
777961077399170
22857238642989838
12001611571515833
65052165589985807
25671283970208613
37376104136328433
66450742094753417
66305801360992250
46385468054570225
37510582274545789
25674393717619470
55577520824856693
34674446188804878
46948366468465905
11140836140801800
14184378032062210
34120193539914510
57495075277678709
1068231527418110
1490439785601855
7028320895314315
54858483171042417
33137328923097996
1092328200807665
56632852271571061
38917392043792501
44772669914897342
27158012275009745
25672194702752526
68889048140491989
27300982741739737
25673775233415950
65650132906746133
14632404052168586
55252619761435381
676325939710033
21430836189636853
49818296099613845
33830258865414613
2854367123458112
3066604378839120
26517170940129861
20321438855703405
3062410372166897
51789155514713498
46385399467295989
29614287510567726
46671794926407352
15406873116421762
16383379301596930
15140558777501112
4642177268751246
