8365876939405479
57743633428843223
1594893807744549
51123704495514171
12907135517932711
51130254866907767
18649493677408041
59194883628066628
39871311766918693
57079799657703346
22103932111257416
51130310636241521
23592190696256686
21588467153991727
59155224417199501
4961740145615915
26901445563251885
43270708885995758
1269078045851340
50014078765891633
70471290177485234
21870630088826574
18605372888118700
21870079267651501
19916703234883329
24355888697179685
42236213023327643
28326567436217893
34686203707336895
17434656078369023
70402704526147994
15747947133727288
19284999705067325
16627620151316635
53465613057788496
287094385630753
37619413026544225
31120121543491341
51857785744525810
17375792942160212
57096895229077954
19230307675305708
70459195539231184
1304141699406445
53364114323572800
71235327691325650
55757359543928640
51058334424008643
40997400450957857
49959386517045298
71587088308556246
25430883039313394
30134260765628631
60037238630278952
1310309408871973
56960504775633352
